0 0
1 1
2 0
3 0
4 0
5 1
6 1
7 0
8 1
9 0
10 1
11 1
12 1
13 0
14 1
15 0
16 1
17 1
18 1
19 1
20 1
21 1
22 0
23 0
24 1
25 0
26 0
27 0
28 0
29 0
30 0
31 0
32 0
33 1
34 1
35 1
36 1
37 0
38 0
39 1
40 0
41 0
42 1
43 1
44 1
45 0
46 1
47 0
48 1
49 1
50 1
51 1
52 0
53 1
54 1
55 0
56 0
57 1
58 1
59 1
60 1
61 1
62 1
63 1
64 1
65 1
66 1
67 1
68 1
69 0
70 0
71 1
72 1
73 0
74 0
75 1
76 0
77 1
78 1
79 1
80 1
81 1
82 1
83 1
84 1
85 1
86 1
87 1
88 1
89 1
90 1
91 0
92 0
93 0
94 0
95 0
96 0
97 0
98 1
99 1
100 0
101 1
102 1
103 1
104 1
105 1
106 1
107 0
108 1
109 1
110 1
111 1
112 1
113 1
114 1
115 0
116 0
117 0
118 0
119 0
120 0
121 0
122 0
123 0
124 0
125 0
126 0
127 0
128 0
129 0
130 0
131 0
132 0
133 1
134 0
135 0
136 0
137 0
138 0
139 0
140 0
141 0
142 0
143 0
144 0
145 0
146 0
147 1
148 1
149 1
150 1
151 1
152 1
153 1
154 1
155 1
156 1
157 1
158 1
159 1
160 1
161 1
162 1
163 1
164 1
165 1
166 1
167 0
168 1
169 1
170 0
171 0
172 1
173 1
174 1
175 0
176 1
177 1
178 1
179 1
180 0
181 0
182 1
183 1
184 1
185 1
186 1
187 0
188 0
189 0
190 0
191 1
192 0
193 1
194 1
195 1
196 1
197 0
198 1
199 1
200 1
201 0
202 0
203 1
204 1
205 0
206 1
207 1
208 1
209 1
210 1
211 1
212 0
213 0
214 0
215 1
216 1
217 0
218 0
219 0
220 0
221 1
222 0
223 0
224 0
225 0
226 0
227 1
228 1
229 0
230 0
231 0
232 1
233 1
234 0
235 0
236 0
237 0
238 0
239 0
240 0
241 1
242 1
243 1
244 1
245 1
246 1
247 1
248 1
249 1
250 1
251 1
252 1
253 1
254 1
255 1
256 1
257 1
258 1
259 1
260 0
261 0
262 0
263 0
264 0
265 0
266 0
267 0
268 0
269 1
270 1
271 1
272 1
273 1
274 1
275 1
276 1
277 1
278 1
279 1
280 1
281 1
282 1
283 0
284 1
285 1
286 1
287 1
288 1
289 1
290 1
291 0
292 1
293 1
294 1
295 1
296 1
297 0
298 0
299 1
300 1
301 1
302 0
303 1
304 1
305 1
306 1
307 0
308 0
309 1
310 1
311 1
312 1
313 1
314 0
315 1
316 0
317 0
318 1
319 1
320 0
321 1
322 1
323 1
324 1
325 1
326 1
327 1
328 1
329 1
330 1
331 1
332 1
333 1
334 1
335 0
336 1
337 0
338 1
339 1
340 1
341 0
342 1
343 1
344 0
345 1
346 1
347 1
348 1
349 0
350 1
351 1
352 0
353 1
354 1
355 1
356 1
357 1
358 1
359 1
360 0
361 0
362 0
363 0
364 1
365 1
366 1
367 0
368 0
369 0
370 0
371 0
372 0
373 1
374 1
375 1
376 1
377 0
378 0
379 1
380 1
381 1
382 1
383 1
384 1
385 1
386 1
387 1
388 1
389 1
390 1
391 1
392 1
393 1
394 1
395 1
396 1
397 1
398 1
399 1
400 1
401 1
402 1
403 1
404 1
405 1
406 1
407 1
408 1
409 1
410 1
411 1
412 1
413 1
414 1
415 1
416 1
417 1
418 1
419 1
420 1
421 1
422 1
423 1
424 1
425 0
426 1
427 1
428 1
429 0
430 1
431 1
432 1
433 1
434 1
435 1
436 1
437 1
438 1
439 1
440 1
441 1
442 1
443 1
444 1
445 0
446 1
447 1
448 1
449 1
450 1
451 1
452 1
453 1
454 1
455 1
456 1
457 1
458 1
459 1
460 1
461 1
462 1
463 1
464 1
465 1
466 1
467 1
468 1
469 1
470 1
471 1
472 1
473 1
474 0
475 1
476 1
477 1
478 1
479 1
480 1
481 1
482 0
483 0
484 1
485 0
486 1
487 1
488 1
489 1
490 1
491 1
492 0
493 1
494 1
495 1
496 1
497 1
498 1
499 1
500 1
501 1
502 1
503 1
504 1
505 1
506 1
507 1
508 1
509 1
510 1
511 1
512 1
513 1
514 1
515 1
516 1
517 1
518 1
519 1
520 1
521 1
522 1
523 1
524 1
525 1
526 1
527 1
528 1
529 1
530 1
531 1
532 1
533 1
534 1
535 1
536 1
537 1
538 1
539 1
540 1
541 1
542 1
543 1
544 1
545 1
546 1
547 1
548 1
549 1
550 1
551 1
552 1
553 1
554 1
555 1
556 0
557 1
558 1
559 1
560 1
561 1
562 0
563 1
564 1
565 1
566 1
567 1
568 1
569 1
570 1
571 1
572 1
573 1
574 1
575 0
576 1
577 0
578 1
579 0
580 0
581 1
582 1
583 1
584 1
585 1
586 1
587 1
588 1
589 1
590 1
591 1
592 1
593 0
594 1
595 1
596 0
597 1
598 1
599 1
600 0
601 0
602 0
603 0
604 0
605 0
606 0
607 0
608 0
609 1
610 1
611 0
612 0
613 1
614 0
615 1
616 1
617 1
618 1
619 1
620 1
621 1
622 1
623 1
624 1
625 1
626 0
627 1
628 1
629 1
630 1
631 1
632 1
633 1
634 1
635 1
636 1
637 0
638 0
639 0
640 0
641 0
642 0
643 1
644 1
645 1
646 1
647 1
648 1
649 1
650 1
651 0
652 0
653 1
654 0
655 1
656 1
657 1
658 1
659 1
660 0
661 1
662 1
663 1
664 1
665 1
666 1
667 1
668 1
669 1
670 1
671 1
672 1
673 0
674 1
675 1
676 1
677 1
678 1
679 1
680 1
681 1
682 0
683 1
684 1
685 1
686 1
687 1
688 1
689 1
690 1
691 1
692 1
693 1
694 1
695 1
696 1
697 1
698 1
699 1
700 1
701 1
702 1
703 1
704 1
705 1
706 0
707 1
708 1
709 1
710 1
711 1
712 1
713 1
714 1
715 1
716 1
717 1
718 1
719 1
720 1
721 1
722 1
723 1
724 1
725 1
726 1
727 1
728 1
729 1
730 1
731 1
732 1
733 1
734 1
735 1
736 1
737 1
738 1
739 1
740 0
741 0
742 0
743 0
744 0
745 0
746 0
747 0
748 0
749 0
750 0
751 0
752 0
753 0
754 0
755 0
756 0
757 0
758 0
759 0
760 0
761 0
762 0
763 0
764 0
765 0
766 0
767 0
768 0
769 0
770 0
771 0
772 0
773 0
774 0
775 0
776 0
777 0
778 0
779 0
780 1
781 1
782 1
783 1
784 1
785 1
786 1
787 1
788 1
789 1
790 1
791 1
792 1
793 1
794 1
795 1
796 1
797 1
798 1
799 1
800 1
801 1
802 1
803 1
804 1
805 1
806 1
807 1
808 1
809 1
810 1
811 1
812 1
813 1
814 1
815 1
816 1
817 1
818 1
819 1
820 1
821 1
822 1
823 1
824 1
825 0
826 1
827 1
828 1
829 1
830 0
831 0
832 1
833 1
834 1
835 1
836 1
837 0
838 1
839 1
840 1
841 1
842 1
843 1
844 1
845 1
846 1
847 1
848 1
849 1
850 1
851 1
852 1
853 1
854 1
855 1
856 1
857 1
858 1
859 1
860 1
861 0
862 1
863 1
864 1
865 1
866 1
867 1
868 1
869 1
870 1
871 1
872 1
873 1
874 1
875 1
876 0
877 1
878 0
879 0
880 1
881 1
882 0
883 0
884 0
885 1
886 1
887 1
888 1
889 1
890 1
891 0
892 1
893 0
894 0
895 0
896 0
897 0
898 1
899 0
900 0
901 1
902 0
903 0
904 1
905 1
906 0
907 1
908 1
909 1
910 0
911 1
912 1
913 0
914 1
915 1
916 1
917 1
918 1
919 1
920 1
921 1
922 1
923 0
924 0
925 1
926 1
927 0
928 0
929 1
930 1
931 1
932 1
933 0
934 1
935 0
936 1
937 1
938 0
939 0
940 0
941 1
942 0
943 1
944 1
945 1
946 1
947 1
948 1
949 0
950 0
951 1
952 0
953 0
954 0
955 0
956 1
957 1
958 1
959 0
960 0
961 0
962 0
963 0
964 0
965 0
966 1
967 0
968 1
969 0
970 0
971 0
972 0
973 0
974 1
975 1
976 1
977 0
978 0
979 1
980 1
981 1
982 0
983 1
984 0
985 1
986 0
987 1
988 0
989 1
990 1
991 1
992 1
993 1
994 0
995 0
996 0
997 1
998 1
999 0
1000 0
1001 1
1002 1
1003 1
1004 1
1005 1
1006 1
1007 1
1008 1
1009 1
1010 0
1011 0
1012 1
1013 1
1014 1
1015 1
1016 0
1017 1
1018 1
1019 1
1020 0
1021 0
1022 1
1023 1
1024 1
1025 1
1026 1
1027 0
1028 0
1029 0
1030 0
1031 0
1032 0
1033 0
1034 0
1035 0
1036 0
1037 0
1038 1
1039 0
1040 0
1041 0
1042 0
1043 1
1044 1
1045 0
1046 0
1047 0
1048 0
1049 0
1050 0
1051 0
1052 0
1053 0
1054 0
1055 0
1056 0
1057 0
1058 0
1059 0
1060 0
1061 0
1062 0
1063 0
1064 0
1065 0
1066 0
1067 0
1068 1
1069 0
1070 0
1071 1
1072 0
1073 0
1074 0
1075 0
1076 0
1077 0
1078 0
1079 0
1080 0
1081 1
1082 1
1083 1
1084 0
1085 1
1086 1
1087 1
1088 1
1089 1
1090 1
1091 1
1092 0
1093 0
1094 1
1095 0
1096 1
1097 1
1098 0
1099 1
1100 1
1101 1
1102 1
1103 1
1104 1
1105 1
1106 1
1107 1
1108 1
1109 1
1110 0
1111 1
1112 1
1113 1
1114 1
1115 1
1116 1
1117 0
1118 1
1119 1
1120 1
1121 1
1122 1
1123 1
1124 1
1125 1
1126 0
1127 1
1128 1
1129 1
1130 1
1131 1
1132 1
1133 1
1134 1
1135 1
1136 1
1137 1
1138 1
1139 1
1140 0
1141 0
1142 1
1143 1
1144 1
1145 1
1146 1
1147 1
1148 1
1149 1
1150 1
1151 1
1152 1
1153 1
1154 1
1155 1
1156 0
1157 1
1158 1
1159 1
1160 1
1161 1
1162 1
1163 1
1164 0
1165 1
1166 1
1167 1
1168 1
1169 1
1170 1
1171 1
1172 0
1173 0
1174 0
1175 1
1176 1
1177 0
1178 0
1179 1
1180 1
1181 1
1182 0
1183 0
1184 1
1185 1
1186 0
1187 1
1188 1
1189 0
1190 1
1191 0
1192 0
1193 1
1194 1
1195 1
1196 1
1197 1
1198 1
1199 0
1200 1
1201 0
1202 0
1203 0
1204 1
1205 0
1206 0
1207 0
1208 0
1209 0
1210 0
1211 0
1212 0
1213 0
1214 0
1215 0
1216 1
1217 1
1218 1
1219 1
1220 1
1221 1
1222 1
1223 0
1224 1
1225 1
1226 0
1227 1
1228 1
1229 1
1230 1
1231 1
1232 1
1233 1
1234 1
1235 1
1236 1
1237 0
1238 1
1239 1
1240 1
1241 1
1242 1
1243 0
1244 0
1245 0
1246 0
1247 0
1248 0
1249 0
1250 0
1251 0
1252 0
1253 0
1254 0
1255 0
1256 0
1257 0
1258 0
1259 0
1260 0
1261 0
1262 0
1263 0
1264 0
1265 0
1266 0
1267 0
1268 0
1269 0
1270 0
1271 0
1272 0
1273 0
1274 0
1275 0
1276 0
1277 0
1278 0
1279 0
1280 0
1281 0
1282 0
1283 0
1284 0
1285 0
1286 0
1287 0
1288 0
1289 0
1290 0
1291 0
1292 0
1293 0
1294 1
1295 1
1296 0
1297 0
1298 1
1299 1
1300 0
1301 1
1302 0
1303 0
1304 0
1305 0
1306 0
1307 0
1308 0
1309 0
1310 0
1311 0
1312 0
1313 0
1314 0
1315 0
1316 0
1317 0
1318 0
1319 0
1320 0
1321 1
1322 0
1323 0
1324 0
1325 0
1326 1
1327 1
1328 0
1329 0
1330 1
1331 1
1332 0
1333 0
1334 0
1335 1
1336 0
1337 1
1338 0
1339 0
1340 1
1341 1
1342 1
1343 0
1344 0
1345 1
1346 1
1347 0
1348 0
1349 0
1350 0
1351 0
1352 0
1353 1
1354 1
1355 1
1356 0
1357 1
1358 0
1359 0
1360 1
1361 1
1362 1
1363 1
1364 1
1365 1
1366 1
1367 1
1368 1
1369 1
1370 1
1371 0
1372 1
1373 1
1374 1
1375 1
1376 1
1377 1
1378 1
1379 1
1380 0
1381 1
1382 1
1383 1
1384 1
1385 1
1386 0
1387 1
1388 1
1389 1
1390 1
1391 1
1392 1
1393 1
1394 1
1395 1
1396 1
1397 1
1398 1
1399 1
1400 1
1401 1
1402 1
1403 1
1404 1
1405 1
1406 1
1407 1
1408 1
1409 1
1410 1
1411 1
1412 1
1413 1
1414 1
1415 1
1416 1
1417 1
1418 1
1419 1
1420 1
1421 1
1422 1
1423 1
1424 1
1425 1
1426 1
1427 1
1428 1
1429 1
1430 1
1431 1
1432 1
1433 1
1434 1
1435 1
1436 1
1437 1
1438 1
1439 1
1440 1
1441 0
1442 1
1443 1
1444 1
1445 0
1446 0
1447 1
1448 1
1449 1
1450 1
1451 0
1452 0
1453 0
1454 0
1455 0
1456 0
1457 0
1458 0
1459 0
1460 0
1461 0
1462 0
1463 0
1464 0
1465 0
1466 0
1467 0
1468 0
1469 0
1470 0
1471 0
1472 0
1473 0
1474 0
1475 1
1476 0
1477 1
1478 0
1479 0
1480 1
1481 1
1482 1
1483 1
1484 1
1485 0
1486 1
1487 0
1488 0
1489 0
1490 0
1491 1
1492 1
1493 1
1494 0
1495 1
1496 1
1497 1
1498 1
1499 1
1500 1
1501 1
1502 1
1503 1
1504 1
1505 1
1506 1
1507 1
1508 1
1509 1
1510 1
1511 0
1512 1
1513 1
1514 1
1515 1
1516 1
1517 1
1518 1
1519 1
1520 1
